4294967294,0
4294967278,430
4294967279,283
4294967279,407
4294967278,286
4294967279,487
4294967279,409
4294967279,249
4294967279,302
4294967279,390
4294967278,307
4294967278,373
4294967279,435
4294967278,200
4294967278,195
4294967279,432
4294967278,370
4294967279,301
4294967278,420
4294967278,178
4294967278,442
4294967278,173
4294967279,427
4294967279,170
4294967278,168
4294967278,427
4294967279,411
4294967279,506
4294967279,505
4294967278,425
4294967278,88
4294967278,144
4294967278,318
4294967278,336
71,8
71,0
4294967279,430
71,7
4294967279,449
4294967278,273
4294967278,384
4294967279,252
4294967279,418
4294967278,422
4294967278,421
4294967278,232
4294967279,389
4294967278,419
4294967279,300
4294967279,2
4294967279,497
4294967278,349
4294967278,321
4294967278,316
4294967278,198
4294967279,198
4294967279,417
4294967279,415
4294967278,330
4294967278,185
4294967278,313
4294967279,401
4294967279,184
368,5
4294967278,311
4294967279,453
4294967279,441
4294967278,310
4294967278,171
4294967278,303
4294967278,164
4294967279,420
4294967278,325
4294967278,389
367,4
365,4
365,5
4294967279,151
4294967294,1434
4294967278,320
364,4
4294967279,438
4294967278,433
4294967278,378
4294967279,414
363,6
4294967279,142
4294967278,140
4294967279,405
4294967278,388
4294967279,402
4294967279,503
4294967279,272
4294967279,270
4294967278,266
4294967278,265
4294967279,394
4294967278,308
4294967279,425
4294967278,257
4294967278,332
4294967278,329
4294967279,429
4294967279,422
4294967278,375
80,2
4294967279,299
4294967278,292
4294967279,406
79,2
80,4
4294967278,412
4294967279,416
79,4
4294967294,1440
4294967294,1497
4294967294,1466
4294967279,393
4294967278,224
4294967279,224
4294967278,410
4294967279,499
4294967278,326
4294967278,314
4294967279,213
4294967279,386
4294967279,261
4294967279,296
4294967278,201
4294967279,202
4294967278,315
4294967279,507
4294967279,440
4294967278,335
4294967279,195
4294967278,193
4294967278,191
4294967279,189
4294967279,188
4294967279,493
4294967278,309
4294967278,182
4294967279,454
4294967278,408
4294967278,339
4294967279,387
4294967279,306
4294967279,167
4294967279,166
4294967279,162
4294967279,461
4294967278,387
4294967279,159
4294967278,393
4294967278,155
4294967279,155
4294967279,474
4294967279,152
4294967278,406
4294967279,455
4294967279,295
4294967278,357
4294967279,290
4294967278,295
4294967278,356
4294967278,136
4294967279,133
4294967278,133
4294967279,396
4294967279,271
4294967279,287
4294967279,266
4294967279,265
4294967278,288
4294967279,262
4294967278,258
4294967279,289
4294967279,257
4294967278,285
4294967278,376
71,6
71,1
71,5
4294967278,327
4294967278,352
4294967278,403
4294967278,248
4294967279,403
4294967278,244
4294967279,437
4294967278,298
4294967279,288
4294967279,240
4294967278,238
4294967279,238
4294967278,323
4294967279,237
4294967279,236
4294967278,234
4294967279,234
4294967279,232
4294967278,230
4294967279,230
4294967278,409
4294967279,228
4294967278,226
4294967279,498
4294967279,488
4294967278,267
4294967278,212
4294967278,305
4294967278,209
4294967278,206
4294967279,207
4294967279,206
4294967278,202
4294967279,200
4294967278,196
4294967279,197
4294967279,196
4294967278,194
4294967279,194
4294967279,192
4294967278,189
4294967279,469
4294967278,188
4294967279,502
4294967278,444
4294967279,285
4294967278,181
4294967279,182
4294967279,309
4294967279,177
307,6
307,5
140,4
4294967279,176
178,5
308,4
4294967294,978
4294967294,975
4294967294,971
4294967294,120
4294967294,1447
4294967294,451
4294967294,524
4294967294,422
4294967294,161
4294967278,399
4294967279,172
4294967278,166
4294967278,165
4294967279,165
4294967278,163
4294967279,164
4294967278,162
4294967278,161
4294967279,160
4294967278,158
4294967278,301
4294967279,157
4294967279,480
4294967278,397
4294967278,405
4294967279,419
4294967278,414
4294967278,151
4294967278,148
4294967279,476
4294967278,396
4294967279,146
4294967278,145
4294967279,145
4294967278,390
4294967279,472
4294967279,141
4294967279,140
4294967278,139
4294967279,294
4294967278,276
4294967279,137
4294967278,300
4294967279,136
4294967278,135
4294967279,135
4294967278,134
4294967279,496
4294967279,293
4294967278,272
4294967279,291
4294967279,274
4294967279,273
333,4
4294967278,350
4294967279,428
4294967278,377
4294967279,263
4294967279,282
4294967278,385
4294967278,334
4294967279,258
4294967279,399
4294967279,398
4294967278,353
4294967294,1430
318,2
4294967278,331
331,4
331,5
4294967279,426
4294967278,407
4294967294,1449
4294967279,408
315,2
4294967278,275
4294967279,255
4294967279,392
4294967279,174
4294967278,252
4294967278,250
72,2
4294967279,478
4294967279,246
4294967279,244
4294967279,242
4294967278,240
71,2
4294967279,500
4294967278,237
4294967279,239
4294967278,394
4294967279,424
82,2
4294967278,233
4294967279,233
169,2
4294967278,426
4294967278,228
4294967278,227
4294967279,226
4294967294,1462
4294967278,294
4294967279,466
4294967278,222
4294967279,222
4294967278,220
4294967279,220
4294967279,218
4294967279,216
4294967279,280
4294967278,351
4294967279,443
4294967279,214
4294967278,211
4294967279,212
4294967278,210
4294967279,211
4294967278,319
4294967279,210
4294967278,208
4294967279,209
4294967278,207
4294967279,208
4294967279,281
4294967278,205
4294967279,384
4294967278,204
4294967279,205
4294967278,203
4294967279,204
4294967278,262
4294967279,203
4294967278,424
4294967279,388
4294967279,444
318,5
318,4
317,7
317,6
317,4
4294967278,382
315,5
315,4
4294967294,1448
4294967294,52
4294967294,509
78,6
78,5
4294967279,201
4294967278,199
4294967278,347
4294967279,199
4294967278,197
4294967278,445
317,5
4294967279,278
4294967278,371
4294967278,346
4294967279,193
4294967278,190
4294967279,191
4294967279,190
4294967294,1470
4294967278,359
4294967278,187
4294967278,186
4294967279,187
4294967279,186
4294967278,184
4294967279,185
4294967278,183
4294967278,344
4294967279,183
4294967278,343
4294967278,180
4294967279,181
4294967278,179
4294967279,180
4294967278,306
4294967279,179
4294967278,177
4294967278,176
4294967279,495
4294967278,175
4294967279,431
4294967294,1471
4294967278,290
4294967279,175
4294967278,172
4294967279,173
4294967278,170
4294967279,171
4294967278,2
4294967278,174
4294967279,385
4294967279,169
314,4
310,5
4294967278,167
4294967279,168
4294967278,441
4294967279,277
4294967279,482
4294967278,398
4294967278,418
4294967279,163
4294967278,401
4294967278,160
4294967279,161
4294967278,159
4294967279,475
4294967278,435
4294967278,157
4294967279,158
4294967278,156
4294967279,156
4294967279,276
4294967278,154
4294967279,154
4294967278,153
4294967279,153
4294967278,152
4294967278,150
4294967279,150
4294967278,149
4294967279,149
4294967278,434
4294967279,148
4294967278,147
4294967279,147
4294967278,146
4294967279,297
4294967294,1435
4294967279,144
4294967278,143
4294967279,143
4294967278,142
4294967279,275
4294967278,141
4294967293,131
4294967293,130
4294967293,129
4294967293,128
4294967293,127
4294967293,126
4294967293,125
4294967293,124
4294967293,123
4294967293,122
4294967293,121
4294967293,120
4294967293,119
4294967293,118
4294967293,117
4294967293,116
4294967293,115
4294967293,114
4294967293,113
4294967293,112
4294967293,111
4294967293,110
4294967293,109
4294967293,108
4294967293,107
4294967293,106
4294967293,105
4294967293,104
4294967293,103
4294967293,102
4294967293,101
4294967293,100
4294967293,99
4294967293,98
4294967293,97
4294967293,96
4294967293,95
4294967293,94
4294967293,93
4294967293,92
4294967293,91
4294967293,90
4294967293,89
4294967293,87
4294967293,86
4294967293,85
4294967293,84
4294967293,83
4294967293,82
4294967293,81
4294967293,80
4294967293,79
4294967293,78
4294967293,77
4294967293,76
4294967293,75
4294967293,74
4294967293,73
4294967293,72
4294967293,71
4294967293,70
4294967293,69
4294967293,68
4294967293,67
4294967293,66
4294967293,65
4294967293,64
4294967293,63
4294967293,62
4294967293,61
4294967293,60
4294967293,59
4294967293,58
4294967293,57
4294967293,56
4294967293,55
4294967293,54
4294967293,53
4294967293,52
4294967293,51
4294967293,50
4294967293,49
4294967293,48
4294967293,47
4294967293,46
4294967293,45
4294967293,44
4294967293,43
4294967293,42
4294967293,41
4294967293,40
4294967293,39
4294967293,38
4294967293,37
4294967293,36
4294967293,35
4294967293,34
4294967293,33
4294967293,32
4294967293,31
4294967293,30
4294967293,29
4294967293,28
4294967293,27
4294967293,26
4294967293,25
4294967293,24
4294967293,23
4294967293,22
4294967293,21
4294967293,20
4294967293,19
4294967293,18
4294967293,17
4294967293,16
4294967293,15
4294967293,14
4294967293,13
4294967293,12
4294967293,11
4294967293,10
4294967293,9
4294967293,8
4294967293,7
4294967293,6
4294967293,5
4294967293,4
4294967293,3
4294967278,132
4294967278,130
4294967278,124
4294967278,122
4294967278,121
4294967278,120
4294967278,119
4294967278,118
4294967278,114
4294967278,112
4294967278,111
4294967278,110
4294967278,109
4294967278,108
4294967278,103
4294967278,101
4294967278,100
4294967278,99
4294967278,98
4294967278,97
4294967278,93
4294967278,91
4294967278,90
4294967278,89
4294967278,87
4294967278,82
4294967278,80
4294967278,79
4294967278,78
4294967278,77
4294967278,72
4294967278,70
4294967278,69
4294967278,68
4294967278,67
4294967278,66
4294967278,65
4294967278,62
4294967278,60
4294967278,59
4294967278,58
4294967278,57
4294967278,56
4294967278,51
4294967278,49
4294967278,46
4294967278,41
4294967278,39
4294967278,36
4294967278,34
4294967278,31
4294967278,29
4294967278,26
4294967278,15
4294967279,132
4294967279,125
4294967279,123
4294967279,122
4294967279,121
4294967279,120
4294967279,119
4294967279,114
4294967279,112
4294967279,111
4294967279,110
4294967279,109
4294967279,108
4294967279,107
4294967279,104
4294967279,102
4294967279,101
4294967279,100
4294967279,99
4294967279,97
4294967279,94
4294967279,92
4294967279,91
4294967279,90
4294967279,89
4294967279,87
4294967279,86
4294967279,83
4294967279,81
4294967279,80
4294967279,79
4294967279,78
4294967279,77
4294967279,76
4294967279,73
4294967279,71
4294967279,70
4294967279,69
4294967279,68
4294967279,67
4294967279,62
4294967279,60
4294967279,59
4294967279,58
4294967279,57
4294967279,56
4294967279,55
4294967279,52
4294967279,50
4294967279,46
4294967279,42
4294967279,36
4294967279,31
4294967279,26
4294967279,21
4294967279,16
4294967279,13
4294967279,6
4294967278,293
4294967279,139
4294967278,138
4294967279,279
4294967278,432
4294967279,471
4294967279,268
4294967279,260
4294967279,24
4294967278,431
4294967279,292
4294967278,20
4294967278,340
4294967278,271
4294967279,19
4294967278,270
4294967278,289
4294967278,269
4294967279,460
4294967278,268
4294967278,283
73,4
4294967278,282
4294967279,491
304,5
304,2
304,4
4294967279,14
4294967279,269
4294967279,458
4294967278,280
4294967279,267
4294967278,264
4294967279,489
4294967278,263
4294967279,10
4294967278,278
4294967279,264
4294967278,261
4294967278,411
4294967278,259
4294967279,400
4294967279,284
4294967278,5
4294967279,259
4294967278,428
4294967279,4
4294967279,459
301,2
4294967278,333
4294967278,127
4294967278,123
4294967278,116
4294967278,113
4294967278,107
4294967278,102
4294967278,348
4294967278,96
4294967278,95
4294967278,447
4294967278,94
4294967278,92
4294967278,86
4294967278,85
4294967278,84
4294967278,83
4294967278,81
4294967278,76
4294967278,75
4294967278,74
4294967278,73
4294967278,71
4294967278,64
4294967278,63
4294967278,61
4294967278,55
4294967278,54
4294967278,53
4294967278,52
4294967278,50
4294967278,48
4294967278,47
4294967278,38
4294967278,37
4294967278,35
4294967278,28
4294967278,27
4294967278,25
4294967278,18
4294967278,17
4294967278,16
4294967278,14
4294967278,9
4294967278,7
4294967278,6
4294967278,4
4294967279,131
4294967279,124
4294967279,117
4294967279,116
4294967279,115
4294967279,113
4294967279,105
4294967279,103
4294967279,98
4294967279,96
4294967279,95
4294967279,410
4294967279,93
4294967279,85
4294967279,84
4294967279,82
4294967279,75
4294967279,74
4294967279,72
4294967279,66
4294967279,65
4294967279,64
4294967279,63
4294967279,61
4294967279,54
4294967279,53
4294967279,51
4294967279,49
4294967279,48
4294967279,47
4294967279,45
4294967279,44
4294967279,43
4294967279,41
4294967279,40
4294967279,39
4294967279,38
4294967279,37
4294967279,35
4294967279,29
4294967279,28
4294967279,27
4294967279,25
4294967279,18
4294967279,17
4294967279,15
4294967279,8
4294967279,7
4294967279,5
4294967279,397
4294967279,467
78,4
4294967278,281
4294967279,395
4294967279,127
4294967278,125
4294967278,254
4294967279,254
4294967278,253
4294967279,253
4294967279,250
4294967278,277
247,2
4294967279,248
304,6
4294967278,246
301,4
4294967278,402
4294967279,118
245,2
4294967278,242
71,4
72,4
4294967278,115
4294967278,439
250,4
289,4
289,8
4294967294,1423
4294967294,493
176,235
4294967278,236
89,4
88,7
88,5
190,6
187,4
4294967294,1554
109,5
4294967294,97
278,5
280,5
282,5
4,4
4294967294,1465
4294967294,1552
299,4
4294967294,488
4294967294,1549
4294967294,1482
254,5
154,4
51,4
4294967278,105
4294967278,106
4294967279,106
4294967278,221
82,7
82,6
82,5
82,4
169,6
169,5
232,6
169,4
4294967278,104
232,4
4294967278,216
4294967278,214
4294967278,213
4294967294,50
4294967294,387
4294967294,112
4294967294,180
4294967294,175
4294967294,183
4294967294,176
4294967294,417
177,4
4294967294,1541
4294967294,81
4294967294,388
4294967294,116
4294967294,1533
4294967294,1534
4294967294,1535
4294967294,1529
4294967294,1519
4294967294,507
4294967294,508
4294967294,498
4294967294,504
4294967294,506
4294967294,1520
4294967294,1522
4294967294,1509
4294967294,496
4294967294,1551
4294967294,1516
4294967294,1550
4294967294,505
4294967294,104
4294967294,106
4294967294,166
4294967294,24
4294967294,160
4294967294,12
4294967294,68
4294967294,11
178,6
4294967278,229
4294967278,225
4294967278,223
4294967278,219
4294967278,896
4294967278,895
4294967278,894
4294967278,893
4294967278,892
4294967278,891
4294967278,890
4294967278,889
4294967278,888
4294967278,887
4294967278,886
4294967278,885
4294967278,884
4294967278,883
4294967278,882
4294967278,881
4294967278,880
4294967278,879
4294967278,878
4294967278,877
4294967278,876
4294967278,875
4294967278,874
4294967278,873
4294967278,872
4294967278,871
4294967278,870
4294967278,869
4294967278,868
4294967278,867
4294967278,866
4294967278,865
4294967278,864
4294967278,863
4294967278,862
4294967278,861
4294967278,860
4294967278,859
4294967278,858
4294967278,857
4294967278,856
4294967278,855
4294967278,854
4294967278,853
4294967278,852
4294967278,851
4294967278,850
4294967278,849
4294967278,848
4294967278,847
4294967278,846
4294967278,845
4294967278,844
4294967278,843
4294967278,842
4294967278,841
4294967278,840
4294967278,839
4294967278,838
4294967278,837
4294967278,836
4294967278,835
4294967278,834
4294967278,833
4294967278,832
4294967278,831
4294967278,830
4294967278,829
4294967278,828
4294967278,827
4294967278,826
4294967278,825
4294967278,824
4294967278,823
4294967278,822
4294967278,821
4294967278,820
4294967278,819
4294967278,818
4294967278,817
4294967278,816
4294967278,815
4294967278,814
4294967278,813
4294967278,812
4294967278,811
4294967278,810
4294967278,809
4294967278,808
4294967278,807
4294967278,806
4294967278,805
4294967278,804
4294967278,803
4294967278,802
4294967278,801
4294967278,800
4294967278,799
4294967278,798
4294967278,797
4294967278,796
4294967278,795
4294967278,794
4294967278,793
4294967278,792
4294967278,791
4294967278,790
4294967278,789
4294967278,788
4294967278,787
4294967278,786
4294967278,785
4294967278,784
4294967278,783
4294967278,782
4294967278,781
4294967278,780
4294967278,779
4294967278,778
4294967278,777
4294967278,776
4294967278,775
4294967278,774
4294967278,773
4294967278,772
4294967278,771
4294967278,770
4294967278,769
4294967278,0
4294967278,768
4294967278,767
4294967278,766
4294967278,765
4294967278,764
4294967278,763
4294967278,762
4294967278,761
4294967278,760
4294967278,759
4294967278,758
4294967278,757
4294967278,756
4294967278,755
4294967278,754
4294967278,753
4294967278,752
4294967278,751
4294967278,750
4294967278,749
4294967278,748
4294967278,747
4294967278,746
4294967278,745
4294967278,744
4294967278,743
4294967278,742
4294967278,741
4294967278,740
4294967278,739
4294967278,738
4294967278,737
4294967278,736
4294967278,735
4294967278,734
4294967278,733
4294967278,732
4294967278,731
4294967278,730
4294967278,729
4294967278,728
4294967278,727
4294967278,726
4294967278,725
4294967278,724
4294967278,723
4294967278,722
4294967278,721
4294967278,720
4294967278,719
4294967278,718
4294967278,717
4294967278,716
4294967278,715
4294967278,714
4294967278,713
4294967278,712
4294967278,711
4294967278,710
4294967278,709
4294967278,708
4294967278,707
4294967278,706
4294967278,705
4294967278,704
4294967278,417
4294967278,416
4294967278,413
4294967278,255
4294967278,249
4294967278,247
4294967278,245
4294967278,243
4294967278,241
4294967278,239
4294967278,231
4294967278,217
4294967278,215
4294967278,287
4294967278,274
4294967278,256
4294967278,260
4294967278,645
359,35
359,0
359,34
359,18
359,33
359,32
359,31
359,30
359,29
359,28
359,27
359,26
359,12
359,11
359,10
359,25
359,24
359,6
359,7
359,23
359,22
359,8
359,21
359,20
359,9
359,19
359,17
359,5
359,16
359,15
4294967278,644
359,14
359,13
4294967279,486
351,8
351,0
351,7
351,6
4294967278,437
4294967278,643
4294967279,0
205,4
4294967278,404
235,2
235,4
4294967294,1564
4294967294,1557
176,374
387,105
387,128
4294967278,642
387,198
387,196
176,373
387,104
4294967278,641
387,103
176,372
176,234
387,102
387,197
387,195
176,371
4294967278,640
387,101
176,370
4294967278,639
387,100
176,233
176,369
387,44
387,99
4294967278,638
176,368
387,98
4294967278,637
176,367
387,97
387,194
176,232
387,193
387,0
387,63
387,192
387,96
176,366
4294967278,636
387,95
176,365
4294967278,635
387,94
176,364
176,231
387,93
387,133
387,130
4294967278,634
176,363
387,92
176,362
4294967278,633
387,132
387,18
387,91
387,131
387,32
176,361
387,90
176,230
4294967278,632
176,360
387,89
4294967278,631
176,359
387,88
387,87
176,358
4294967278,630
176,229
387,86
176,357
4294967278,629
387,85
176,356
387,84
4294967278,628
176,355
176,228
387,83
176,354
4294967278,627
387,49
387,82
176,353
387,81
4294967278,626
387,80
176,227
176,352
387,129
387,62
387,61
387,79
4294967278,625
176,351
387,78
387,10
176,350
4294967278,624
387,77
176,226
176,349
387,76
4294967278,623
176,348
387,75
4294967278,622
176,347
387,74
176,225
387,60
387,59
387,73
4294967278,621
176,346
387,72
176,345
4294967278,620
387,71
176,344
176,224
387,70
4294967278,619
176,343
387,69
387,58
4294967278,618
176,342
387,68
176,341
387,67
387,53
4294967278,617
176,223
176,340
387,66
4294967278,616
387,65
176,339
387,64
4294967278,615
387,15
176,338
176,222
387,57
387,56
176,337
4294967278,614
387,55
176,336
387,54
4294967278,613
387,45
176,221
176,335
387,52
4294967278,612
176,334
387,51
387,50
176,333
4294967278,611
387,17
387,48
176,220
387,47
176,332
4294967278,610
387,46
387,11
176,331
387,43
4294967278,609
176,330
387,42
176,219
176,329
4294967278,608
387,41
176,328
387,40
4294967278,607
387,39
387,13
176,327
387,38
176,218
387,37
4294967278,606
387,36
387,35
387,22
176,326
387,34
233,2
4294967278,605
176,325
387,33
387,31
176,324
4294967278,604
4294967278,169
176,217
387,30
176,323
387,29
387,28
387,24
4294967278,603
176,322
387,27
4294967278,602
387,26
176,321
176,0
176,216
387,25
176,320
4294967278,601
387,23
176,319
4294967278,600
387,21
176,215
176,318
387,20
4294967278,599
176,317
387,19
176,316
4294967278,598
387,16
176,214
176,315
387,14
4294967278,597
387,12
176,314
4294967278,596
387,5
387,9
176,313
176,213
387,8
176,312
4294967278,595
387,7
387,6
176,311
4294967278,131
4294967278,129
4294967278,128
4294967278,126
4294967278,117
4294967278,423
4294967278,415
4294967278,45
4294967278,44
4294967278,43
4294967278,42
4294967278,40
4294967278,33
4294967278,32
4294967278,30
4294967278,24
4294967278,23
4294967278,22
4294967278,21
4294967278,19
4294967278,13
4294967278,12
4294967278,11
4294967278,10
4294967278,8
4294967279,130
4294967279,129
4294967279,128
4294967279,126
4294967279,256
4294967279,483
4294967279,34
