0,431
0,310
0,308
0,364
0,357
0,353
0,346
16,4
16,3
16,2
16,1
16,0
15,6
15,5
15,4
15,3
15,2
15,1
15,0
14,4
14,3
14,2
14,1
14,0
13,3
13,2
13,1
13,0
12,4
12,3
12,2
12,1
12,0
11,4
11,3
11,2
11,1
11,0
10,15
10,14
10,13
10,12
10,11
10,10
10,9
10,8
10,7
10,6
10,5
10,4
10,3
10,2
10,1
10,0
9,4
9,3
9,2
9,1
9,0
8,9
8,8
8,7
8,6
8,5
8,4
8,3
8,2
8,1
8,0
7,4
7,3
7,2
85,7
7,1
7,0
6,4
6,3
6,2
85,6
6,1
6,0
85,3
5,3
5,2
5,1
5,0
4,3
19,3
2,17
2,16
2,15
2,14
2,13
2,12
2,11
2,10
2,9
2,8
2,7
2,6
2,5
2,4
2,3
2,2
2,1
2,0
1,3
0,443
0,442
0,438
0,412
0,382
0,324
0,243
0,9
0,0
0,1
0,440
0,400
0,300
0,352
0,299
0,366
0,298
0,319
0,297
0,433
0,296
0,361
0,295
0,403
0,294
0,419
0,293
0,420
0,292
0,384
0,291
0,320
0,290
0,348
0,289
0,417
0,288
0,316
0,287
0,408
0,286
0,376
0,285
0,301
0,284
0,344
0,283
0,391
0,282
0,360
0,281
0,414
0,280
0,373
0,279
0,363
0,278
0,341
0,277
0,347
0,276
0,398
0,275
0,435
0,274
0,444
0,273
0,388
0,272
0,379
0,271
0,422
0,270
16,5
16,6
16,8
16,9
17,0
17,1
17,3
17,5
17,6
18,0
18,1
18,3
19,0
19,1
19,4
19,5
20,0
20,1
20,3
20,5
21,0
21,2
21,3
21,5
22,0
22,1
22,3
22,4
23,1
23,2
23,4
24,1
24,2
25,0
25,1
25,3
26,1
26,2
26,4
26,5
27,1
27,2
27,4
27,6
27,7
28,0
28,1
28,3
29,0
29,1
29,3
30,0
30,2
30,4
31,0
31,2
31,3
31,5
32,0
32,2
33,0
33,1
33,3
34,0
34,2
34,4
35,0
35,2
35,3
35,5
35,6
36,1
36,3
36,4
37,0
37,1
37,3
37,5
38,0
38,2
38,3
38,5
39,0
39,2
39,4
39,5
40,1
40,2
40,4
40,6
41,0
41,2
41,3
41,5
42,1
42,2
42,4
43,0
43,2
43,3
44,0
44,2
44,3
44,5
45,0
45,2
45,4
45,5
46,0
46,1
46,3
47,0
47,2
47,4
47,5
47,7
48,0
48,2
48,4
49,0
49,2
49,3
49,5
50,0
50,2
51,0
51,1
51,3
51,4
51,6
52,1
52,2
52,4
52,5
53,1
53,2
53,4
54,1
54,2
54,4
55,0
55,2
55,4
55,5
56,1
56,2
57,0
57,2
57,3
57,5
57,6
58,0
58,1
58,3
58,5
58,6
59,1
59,2
59,4
60,1
60,2
60,4
60,5
61,1
61,2
61,4
62,1
62,2
62,4
63,0
63,2
63,4
63,5
64,1
64,2
64,4
65,0
65,2
65,4
66,0
66,2
66,3
67,0
67,2
67,3
67,5
67,6
68,0
68,2
68,3
68,5
68,6
69,0
69,1
69,3
70,0
70,1
70,3
70,4
71,0
71,2
71,3
71,5
71,6
72,1
72,2
72,4
72,6
73,0
73,2
73,3
74,0
74,2
74,3
75,0
75,1
75,3
75,4
76,1
76,3
76,4
77,0
77,1
77,3
77,5
78,0
78,2
78,3
79,0
79,1
79,3
80,1
80,2
80,4
81,0
81,2
81,4
82,0
82,2
82,3
82,5
83,1
83,2
84,0
84,1
84,3
84,4
85,1
85,4
85,5
86,1
86,2
86,4
87,1
87,2
87,4
87,5
88,0
88,1
88,3
89,1
89,2
89,4
89,5
89,7
90,0
90,1
90,3
90,4
90,6
91,0
91,2
91,4
91,5
92,0
92,1
92,3
92,5
93,0
93,2
93,3
94,0
94,2
94,3
95,0
95,1
95,3
95,4
96,1
96,3
96,4
97,1
97,2
98,0
98,2
98,3
99,1
99,2
99,4
100,0
100,2
100,4
100,5
100,7
100,8
100,9
100,6
100,3
100,1
99,3
99,0
98,1
97,3
97,0
96,2
96,0
95,2
94,4
94,1
93,4
93,1
92,4
92,2
91,6
91,3
91,1
90,5
90,2
89,8
89,6
89,3
89,0
88,2
87,6
87,3
87,0
86,3
86,0
85,2
85,0
84,2
83,3
83,0
82,4
82,1
81,3
81,1
80,3
80,0
79,2
78,4
78,1
77,4
77,2
76,5
76,2
76,0
75,2
74,4
74,1
73,4
73,1
72,5
72,3
72,0
71,4
71,1
70,5
70,2
69,4
69,2
68,7
68,4
68,1
67,7
67,4
67,1
66,4
66,1
65,3
65,1
64,3
64,0
63,3
63,1
62,3
62,0
61,3
61,0
60,3
60,0
59,3
59,0
58,4
58,2
57,7
57,4
57,1
56,3
56,0
55,3
55,1
54,3
54,0
53,3
53,0
52,3
52,0
51,5
51,2
50,3
50,1
49,4
49,1
48,3
48,1
47,6
47,3
47,1
46,2
45,6
45,3
45,1
44,4
44,1
43,4
43,1
42,3
42,0
41,4
41,1
40,5
40,3
40,0
39,3
39,1
38,4
38,1
37,4
37,2
36,5
36,2
36,0
35,4
35,1
34,3
34,1
33,2
32,3
32,1
31,4
31,1
30,3
30,1
29,2
28,4
28,2
27,8
27,5
27,3
27,0
26,3
26,0
25,2
24,3
24,0
23,3
23,0
22,2
21,6
21,4
21,1
20,4
20,2
19,6
19,2
18,4
18,2
17,7
17,4
17,2
16,10
16,7
0,407
0,269
0,322
0,268
0,312
0,267
0,378
0,266
0,390
0,265
0,340
0,264
0,428
0,263
0,338
0,262
0,380
0,261
0,326
0,260
0,259
0,426
0,258
0,402
0,257
0,342
0,256
0,436
0,255
0,375
0,254
0,325
0,253
0,323
0,252
0,356
0,251
0,392
0,250
0,311
0,249
0,405
0,248
0,337
0,247
0,246
0,377
0,245
0,387
0,244
0,430
0,242
0,399
0,241
0,345
0,240
0,374
0,239
0,418
0,238
0,401
0,237
0,425
0,236
0,406
0,235
0,321
0,234
0,317
0,233
0,362
0,232
0,434
0,231
0,415
0,230
0,369
0,229
0,228
0,343
0,227
0,331
0,226
0,372
0,225
0,355
0,224
0,383
0,223
0,359
0,222
0,328
0,221
0,404
0,220
0,394
0,219
0,218
0,217
0,351
0,216
0,365
0,215
0,214
0,335
0,213
0,212
0,336
0,211
0,409
0,210
0,318
0,209
0,432
0,208
0,307
0,207
0,206
0,389
0,205
0,424
0,204
0,413
0,203
0,332
0,202
0,201
0,309
0,200
0,367
0,199
0,396
0,198
0,371
0,197
0,196
0,333
0,195
0,386
0,194
0,329
0,193
0,315
0,192
0,385
0,63
0,313
0,62
0,427
0,61
0,421
0,60
0,368
0,59
0,445
0,58
0,393
0,57
0,339
0,56
0,397
0,55
0,350
0,54
0,395
0,53
0,423
0,52
0,429
0,51
0,411
0,50
0,330
0,49
0,334
0,48
0,416
0,47
0,410
0,46
0,349
0,45
0,327
0,6
0,5
0,304
0,303
0,306
0,305
0,302
0,441
0,12
0,381
0,10
0,8
0,439
0,11
0,4
0,2
0,3
0,7
